$ 1 3.125e-10 0.6798259793203881 50 5 50 5e-11
155 -48 224 112 224 0 5
155 160 224 320 224 0 0
w -48 224 -160 224 0
w 160 224 128 224 0
w 48 224 128 224 0
w -48 256 -160 256 0
w 256 224 336 224 0
w 256 288 336 288 0
w 48 288 80 288 0
M 80 288 112 288 0 2.5
M 336 224 368 224 0 2.5
M 336 288 368 288 0 2.5
R -160 256 -208 256 1 2 10000000 5 5 0 0.5
w 160 256 160 368 0
w 160 368 -160 368 0
w -160 256 -160 368 0
R -160 224 -208 224 1 2 5000000 5 5 0 0.5
x -90 186 96 189 4 15 FF1\s\q\sPositive\sEdge\sTrigger
x 141 185 327 188 4 15 FF2\s\q\sPositive\sEdge\sTrigger
o 12 2 0 4103 10 0.00009765625 0 2 12 3
o 10 2 0 4102 5 0.1 0 1
o 10 2 0 4102 5 0.1 0 1
